0.400000000000000
0.800000000000000
1.20000000000000
1.60000000000000
2
2.40000000000000
2.80000000000000
3.20000000000000
3.60000000000000
4
4.40000000000000
4.80000000000000
5.20000000000000
5.60000000000000
6.00000000000000
6.40000000000000
6.80000000000000
7.20000000000000
7.60000000000000
8
8.40000000000000
8.80000000000000
9.20000000000000
9.60000000000000
10.0000000000000
10.4000000000000
10.8000000000000
11.2000000000000
11.6000000000000
12.0000000000000
12.4000000000000
12.8000000000000
13.2000000000000
13.6000000000000
14.0000000000000
14.4000000000000
14.8000000000000
15.2000000000000
15.6000000000000
16
16.4000000000000
16.8000000000000
17.2000000000000
17.6000000000000
18
18.4000000000000
18.8000000000000
19.2000000000000
19.6000000000000
20
20.4000000000000
20.8000000000000
21.2000000000000
21.6000000000000
22
22.4000000000000
22.8000000000000
23.2000000000000
23.6000000000000
24
24.4000000000000
24.8000000000000
25.2000000000000
25.6000000000000
26
26.4000000000000
26.8000000000000
27.2000000000000
27.6000000000000
28
28.4000000000000
28.8000000000000
29.2000000000000
29.6000000000000
30
30.4000000000000
30.8000000000000
31.2000000000000
31.6000000000000
32
32.4000000000000
32.8000000000000
33.2000000000000
33.6000000000000
34
34.4000000000000
34.8000000000000
35.2000000000000
35.6000000000000
36
36.4000000000000
36.8000000000000
37.2000000000000
37.6000000000000
38
38.4000000000000
38.8000000000000
39.2000000000000
39.6000000000000
40
40.4000000000000
40.8000000000000
41.2000000000000
41.6000000000000
42
42.4000000000000
42.8000000000000
43.2000000000000
43.6000000000000
44
44.4000000000000
44.8000000000000
45.2000000000000
45.6000000000000
46
46.4000000000000
46.8000000000000
47.2000000000000
47.6000000000000
48
48.4000000000000
48.8000000000000
49.2000000000000
49.6000000000000
50
50.4000000000000
50.8000000000000
51.2000000000000
51.6000000000000
52
52.4000000000000
52.8000000000000
53.2000000000000
53.6000000000000
54
54.4000000000000
54.8000000000000
55.2000000000000
55.6000000000000
56
56.4000000000000
56.8000000000000
57.2000000000000
57.6000000000000
58
58.4000000000000
58.8000000000000
59.2000000000000
59.6000000000000
60
60.4000000000000
60.8000000000000
61.2000000000000
61.6000000000000
62
62.4000000000000
62.8000000000000
63.2000000000000
63.6000000000000
64
64.4000000000000
64.8000000000000
65.2000000000000
65.6000000000000
66
66.4000000000000
66.8000000000000
67.2000000000000
67.6000000000000
68
68.4000000000000
68.8000000000000
69.2000000000000
69.6000000000000
70
70.4000000000000
70.8000000000000
71.2000000000000
71.6000000000000
72
72.4000000000000
72.8000000000000
73.2000000000000
73.6000000000000
74
74.4000000000000
74.8000000000000
75.2000000000000
75.6000000000000
76
76.4000000000000
76.8000000000000
77.2000000000000
77.6000000000000
78
78.4000000000000
78.8000000000000
79.2000000000000
79.6000000000000
80